0.3435551547357601
0.16203245717054812
0.5419654426480457
0.41969039737216474
0.7305637480665252
0.5517027838748764
0.30769873137026416
0.5022799390177121
0.5535722994660692
0.7046646109654569
0.32834069730915943
0.03719758707517706
0.2539346454327365
0.16203245717054812
0.22444119029595064
0.47495488254782975
0.8312054293608935
0.41940419912892085
0.15943761766878992
0.3061401703446282
0.6978196412130014
0.2925835641882055
0.5008008114994483
0.6602302343321318
0.4139291066416751
0.4100375923248738
0.22018100976777477
0.172714104463525
0.09404302186930004
0.34977491640232555
0.5419654426480457
0.32875551094162403
0.17194303822263146
0.30754854435324436
0.03719758707517706
0.6686245116205709
0.2021710088677599
0.39075924696209363
0.39494522121445713
0.3077988786804362
0.4116973030094922
0.11897590757935807
0.1964257389101075
0.5698324208880142
0.20737659398974287
0.09727597311507596
0.28688392440650023
0.06325424430999435
0.10930745855304023
0.6382344868952697
0.28683584114802607
0.5774785097904415
0.2600386489566486
0.10930745855304023
0.7046646109654569
0.7564208447123163
0.34977491640232555
0.3811682565931559
0.11566554492148819
0.28683584114802607
0.5774785097904415
0.09315875344162791
0.2187246690936658
0.09315875344162791
0.30769873137026416
0.09315875344162791
0.39494522121445713
0.0975274966135005
0.112435534552477
0.04787701290364929
0.42900196474818036
0.28688392440650023
0.5022799390177121
0.32834069730915943
0.3496680106911395
0.3463792067884834
0.7846543432345628
0.4765477904900031
0.025286301178350713
0.41940419912892085
0.34291021717607295
0.11566554492148819
0.3077988786804362
0.7046646109654569
0.25917249008687226
0.26619110424134623
0.06966919015308684
0.1339208041803111
0.34291021717607295
0.5327810668891101
0.3572959385373804
0.14541092552153814
0.47495488254782975
0.23542760065013435
0.2600386489566486
0.39075924696209363
0.32834069730915943
0.10930745855304023
0.280435976109642
0.6004634431470326