0.2181846
0.2181846
0.79026085
0.20314312
0.20314312
0.20314312
0.71561134
0.74206704
0.2181846
0.74206704
0.2181846
0.79026085
0.3598818
0.20314312
0.2181846
0.20314312
0.2181846
0.2181846
0.2181846
0.79026085
0.20314312
0.79026085
0.2181846
0.2181846
0.2181846
0.2181846
0.79026085
0.20314312
0.20314312
0.20314312
0.79026085
0.2181846
0.2181846
0.79026085
0.79026085
0.20314312
0.79026085
0.20314312
0.79026085
0.79026085
0.79026085
0.20314312
0.20314312
0.79026085
0.20314312
0.20314312
0.20314312
0.2181846
0.2181846
0.20314312
0.20314312
0.2181846
0.2181846
0.20314312
0.2181846
0.79026085
0.74206704
0.2181846
0.2181846
0.20314312
0.79026085
0.79026085
0.20314312
0.79026085
0.20314312
0.71561134
0.79026085
0.7408849
0.20314312
0.20314312
0.20314312
0.2181846
0.79026085
0.71561134
0.79026085
0.71561134
0.20314312
0.79026085
0.2181846
0.79026085
0.79026085
0.20314312
0.2181846
0.79026085
0.20314312
0.79026085
0.20314312
0.20314312
0.20314312
0.30034918
0.2181846
0.79026085
0.20314312
0.2181846
0.30034918
0.20314312
0.20314312
0.2181846
0.74206704
0.79026085